Sample.1	Sample.2	Sample.3	Sample.4	Sample.5	Sample.6	Sample.7	Sample.8	Sample.9	Sample.10	Sample.11	Sample.12	Sample.13	Sample.14	Sample.15	Sample.16	Sample.17	Sample.18	Sample.19	Sample.20	Sample.21	Sample.22	Sample.23	Sample.24	Sample.25	Sample.26	Sample.27	Sample.28	Sample.29	Sample.30	Sample.31	Sample.32	Sample.33	Sample.34	Sample.35	Sample.36	Sample.37	Sample.38	Sample.39	Sample.40	Sample.41	Sample.42	Sample.43	Sample.44	Sample.45	Sample.46	Sample.47	Sample.48	Sample.49	Sample.50	Sample.51	Sample.52	Sample.53	Sample.54	Sample.55	Sample.56	Sample.57	Sample.58	Sample.59	Sample.60	Sample.61	Sample.62	Sample.63	Sample.64	Sample.65	Sample.66	Sample.67	Sample.68	Sample.69	Sample.70	Sample.71	Sample.72	Sample.73	Sample.74	Sample.75	Sample.76	Sample.77	Sample.78	Sample.79	Sample.80	Sample.81	Sample.82	Sample.83	Sample.84	Sample.85	Sample.86	Sample.87	Sample.88	Sample.89	Sample.90
Sample.1	0	0.658319352822311	0.545586820614092	0.579833646090406	0.64371821537569	0.65120548115244	0.531016614250036	0.745004582834018	0.755625663726897	0.675657155285669	0.684705411158761	0.754300929573128	0.568491243341865	0.562413970723335	0.72331389448655	0.682099557152706	0.674131310227804	0.604723209258751	0.62734098305832	0.609266378038019	0.64277883040748	0.649226259635294	0.6918070242718	0.567640356917736	0.710334483162428	0.560171892457837	0.595906892157308	0.781312028521008	0.722305274023466	0.65895246141141	0.623758805669681	0.564016023398605	0.736142998212049	0.539113312291966	0.583139516670497	0.708877475976631	0.618049071940536	0.561458811519333	0.634562381983296	0.595465805752435	0.714630227410048	0.610561464608538	0.676495532827004	0.696918807491456	0.638293804089286	0.626129094809191	0.618310358224224	0.655499978012946	0.642318278543251	0.536006126132669	0.743660871855408	0.607018888575299	0.704490731365252	0.662822195849646	0.622930854736513	0.747862777573717	0.63934143715074	0.590489921703798	0.620671420272283	0.723428161101836	0.698564560543213	0.682242445490624	0.675842432914263	0.714376549281668	0.527257873378953	0.720393271996151	0.683275550235861	0.702423551835904	0.759763936402298	0.611444717214976	0.705327585203574	0.695154134819596	0.697069379398789	0.580662201849435	0.665841150621184	0.632138835590669	0.704663088804361	0.624235438053828	0.653866131849884	0.697323624482944	0.774630857817043	0.612756534152505	0.577285375036866	0.689702465969203	0.598593264798572	0.727443874122262	0.652729807015066	0.598018390661702	0.714436014701925	0.659669866092036
Sample.2	0.658319352822311	0	0.665297384223879	0.709538454660322	0.671188112420264	0.648106030983795	0.641983198039833	0.803961179748617	0.799523875362983	0.763690393125582	0.733824727170076	0.738521098769139	0.679199295720697	0.68418199841063	0.73221165699233	0.760743748012324	0.752550735673387	0.685686077770282	0.685833097794727	0.574660238821974	0.678669072726948	0.686659059630918	0.541902051841385	0.610080615437579	0.736118889886091	0.584796313717596	0.648847462805479	0.801892067800009	0.744818816410149	0.684528703479264	0.596813781925039	0.552059800208486	0.72114670739565	0.549134535955347	0.689910084293691	0.718140801768643	0.595383831520219	0.714537120488879	0.627392581400001	0.671965352016643	0.708560352189154	0.681694521353279	0.695695580221383	0.712020037719086	0.742491414270317	0.600100589833929	0.74402300370276	0.627781171716071	0.683540072320169	0.570856128841002	0.762451493132571	0.684285305148017	0.64607471982034	0.699027830549508	0.544490580414143	0.784774943006717	0.591889360715155	0.606208940492861	0.621764000238362	0.703409923044501	0.684836228955583	0.745022827706906	0.750119593667701	0.702168429819491	0.569272841597567	0.735630785497042	0.693640143710268	0.727156106000698	0.752714290068318	0.593251832309029	0.56613979525349	0.690445850740358	0.701495306858764	0.679456488430627	0.669008428148407	0.722591683550541	0.662980968333738	0.551898630771422	0.598777412953611	0.748649277783963	0.759212159376508	0.640348572989574	0.618502623727415	0.682750666373162	0.626829506247096	0.684938998912984	0.682971678672821	0.625699032701993	0.674100374719305	0.652292584520447
Sample.3	0.545586820614092	0.665297384223879	0	0.665156960396624	0.597940905932651	0.720851502999294	0.537216571598151	0.758334765859946	0.7671965635471	0.676271861441099	0.705462725277218	0.753175843609805	0.638568029356755	0.608666810436444	0.76188223865067	0.74649726676819	0.711730537893249	0.635148305589342	0.631683681878283	0.618321879954897	0.747140164691764	0.68883181753866	0.68294065831572	0.537153994963891	0.746170087907546	0.542622304805157	0.658460786299417	0.800326929627536	0.746117548948742	0.623512757422997	0.612533411147898	0.648836095605947	0.712783131218208	0.596489003263911	0.632378100923573	0.737554381869366	0.565841120863341	0.608044288249315	0.686506889378929	0.70506569077837	0.745068387526359	0.666089899510276	0.671744561557703	0.728219162239454	0.687102861161192	0.661408992058779	0.6805266058117	0.679745857720194	0.646973072706329	0.600480334700718	0.731658101744022	0.699623354830382	0.640860121218324	0.713859458079543	0.605287358008687	0.734710965847052	0.691548319836466	0.559438205038488	0.652551655029741	0.637095787955691	0.681749487230314	0.735929054999088	0.690544437374886	0.737680424612507	0.537069169826854	0.729718435332902	0.701629956389617	0.731314701615324	0.73466499849683	0.624529071020142	0.604250689105553	0.617642901565971	0.687384771775094	0.619525750031004	0.600865374444887	0.681402782639994	0.786714115863714	0.615849514010828	0.544584960418263	0.717024167138617	0.798328221637834	0.521427547850579	0.559128608533776	0.664043682805181	0.612612984037834	0.718997383641747	0.662414615989445	0.614350655450636	0.704155519856705	0.663936643282588
Sample.4	0.579833646090406	0.709538454660322	0.665156960396624	0	0.569369673463402	0.736398317914856	0.480508446470823	0.649512436195322	0.670920368469553	0.575484718919685	0.595795859015826	0.642806359926268	0.646159675215854	0.640181894577186	0.599081353996586	0.570862801341348	0.534426373110389	0.745404343960863	0.600662780656976	0.751140475402605	0.678312155752132	0.570122886037503	0.650261756546196	0.564987715096704	0.605363016578925	0.703585082546679	0.579796053579265	0.656511769681212	0.679956317113962	0.675458089187025	0.72053764829707	0.653901117748781	0.637250965422282	0.615733159866029	0.750079510394276	0.593813029615827	0.58053589056698	0.672362832584187	0.636756970445096	0.636636362505173	0.578148821570128	0.637858459423962	0.58505526754688	0.612844639143868	0.543318433068917	0.688725992802668	0.472003659290483	0.602292008681372	0.639109330790239	0.620223614483881	0.693755849332484	0.535103244964121	0.721954234840992	0.678200743394463	0.674532054513048	0.650708071929629	0.679536810579996	0.671926954145498	0.62389570204806	0.654518417883707	0.694974191285247	0.537051152841971	0.609375031253558	0.683770016711778	0.682649068521677	0.671161526741244	0.592904775096708	0.595813376297975	0.655007255823125	0.572334695148256	0.7329179565244	0.631548960184339	0.565100169929009	0.633282280010161	0.664690046146786	0.551729491087333	0.817090043253628	0.710583559306069	0.74197346033183	0.610995475099226	0.648303598642434	0.684339574788756	0.685700322753868	0.646474610561938	0.706047645821047	0.637714523686107	0.707063528129045	0.725294224190331	0.714419666487203	0.771191503055851
Sample.5	0.64371821537569	0.671188112420264	0.597940905932651	0.569369673463402	0	0.776699136136887	0.499132401981096	0.648126499254923	0.62147995365496	0.622075049767937	0.568894980145189	0.636791780590655	0.697006941010843	0.658837587728177	0.604730818230015	0.672316760054022	0.610817212826416	0.684661149290438	0.480183936935516	0.687283008877809	0.759975517219318	0.603527647985327	0.7027434754475	0.547213171852609	0.69716370954848	0.670191664009401	0.557287542149633	0.669242052426433	0.687854834890388	0.587300114214413	0.659398320481013	0.67053213963044	0.694697372280894	0.583772877028615	0.63203730926577	0.616917850523288	0.56946332298355	0.725265511764241	0.602217732367362	0.666264549767794	0.597768323776032	0.69896853171763	0.655890061555482	0.671950882518345	0.551934281833061	0.654129988435395	0.530840756106872	0.544124864975221	0.616390322096934	0.690564657478345	0.664153935762179	0.5948677303676	0.714572503068878	0.716576376768723	0.635032316106785	0.633315441556658	0.661596012080828	0.693858220679708	0.658550473656275	0.511062826715528	0.600098594469013	0.567292805944445	0.597802468165338	0.631477641937555	0.656883142464199	0.596436434409673	0.583796180515168	0.584641802389305	0.635487377873638	0.594998615082555	0.668038603049732	0.574623132026064	0.509431085516663	0.706009842819021	0.638362096619188	0.623575503242962	0.726466669613461	0.664369881186346	0.646526662591585	0.611847609202484	0.617694376173391	0.655945725453762	0.593398412900694	0.501057733013845	0.664471116839719	0.513185569686505	0.723902811461031	0.683499617672153	0.574598684473538	0.704472121221977
Sample.6	0.65120548115244	0.648106030983795	0.720851502999294	0.736398317914856	0.776699136136887	0	0.65517645661997	0.798905910568413	0.810598726286954	0.716402407795256	0.790493146846555	0.824274014416701	0.564352565742341	0.658447262813847	0.763741734906751	0.806787634173816	0.778658222393681	0.567285188626437	0.785804691500908	0.570528835639201	0.63055055872495	0.767114190402451	0.608429450258132	0.692018356397042	0.783686706284158	0.625864351098991	0.707771297431228	0.823200107969583	0.810063086239145	0.638080137398824	0.580916673973027	0.574713310150513	0.652582715678283	0.605528633926535	0.63971169609636	0.772344279352331	0.670469361477377	0.62545929069241	0.678126541701846	0.699050498837722	0.801469270406234	0.728238926467462	0.712233278725452	0.679006078059505	0.750307816575768	0.661766083009859	0.765045107815818	0.722741215199821	0.761139737534921	0.622048614533961	0.807717609562841	0.735117039070729	0.619506886174306	0.752837649085993	0.58772907531664	0.821884989964254	0.65925436946014	0.628570248069738	0.667529554790022	0.698082472271023	0.756646081348882	0.782536024656133	0.758584744186476	0.796830764883213	0.636422671526075	0.735878421621909	0.703006964597204	0.794085639278786	0.82945572327279	0.670051531651825	0.592390478591858	0.685862607215631	0.688943879012067	0.614174290611885	0.713711517598594	0.769284247774687	0.73182215024116	0.582417967915609	0.633505208966114	0.805308919102683	0.819247906048358	0.641109054704335	0.685088925664054	0.746529041410847	0.677219935268082	0.765026865448724	0.675689994970808	0.586632923307867	0.794302796752196	0.579243171003344
Sample.7	0.531016614250036	0.641983198039833	0.537216571598151	0.480508446470823	0.499132401981096	0.65517645661997	0	0.645481743840005	0.674375743271361	0.53785976264718	0.577448233036937	0.665937136407515	0.512614835550053	0.471060324323858	0.643175042350732	0.621904808109263	0.627201161743898	0.599382947038778	0.532786250913596	0.580029631205919	0.62675626896156	0.566494403230129	0.566517047053486	0.413524270604808	0.613686046193533	0.603688193689329	0.597203486870566	0.70136231101791	0.67550408818316	0.510175694332188	0.623000660190994	0.607122457295408	0.602236261464827	0.479187549530778	0.602241539586274	0.573769424029604	0.434444206499732	0.590911195731527	0.537456287335458	0.589089420990832	0.63093470016628	0.654586550171648	0.52683761490374	0.536778139528753	0.468919891652402	0.645687114183067	0.504891406479642	0.544760544522085	0.571653872894814	0.53717111466431	0.647112542389684	0.492957353581901	0.658304820815152	0.691865022621971	0.541280907805262	0.661447949224986	0.540240669009344	0.623403249852208	0.519509534324578	0.413348262130812	0.595072899912591	0.563653894744352	0.479170066739158	0.640127448964332	0.526203638528372	0.58035915041644	0.509467605250541	0.61773849160807	0.620748687686137	0.422521628118367	0.636508519866143	0.478388660665344	0.434954963277991	0.45799565345664	0.615832813502788	0.535194569610908	0.735033264183074	0.592210200239803	0.614404883436881	0.608286069458152	0.669156418457716	0.526194395307948	0.559487839822774	0.462481074541803	0.528701113661466	0.586920930307503	0.590771191365487	0.612098570247078	0.588893939088508	0.628895320949505
Sample.8	0.745004582834018	0.803961179748617	0.758334765859946	0.649512436195322	0.648126499254923	0.798905910568413	0.645481743840005	0	0.657739246494649	0.682966194513334	0.701691357555913	0.6737425837437	0.723101259345682	0.74326465626506	0.680024446209159	0.634464769185121	0.73757645113901	0.807343430454998	0.681460451607885	0.793262311674211	0.786253563685927	0.73336312147282	0.775073143260787	0.707371940221089	0.683512529956066	0.814291484476532	0.62623267922055	0.670155487465902	0.686312187857425	0.748422762917466	0.798585889977691	0.763965909800998	0.766567175499711	0.719718551349952	0.775401383317549	0.583240545424086	0.730269914087307	0.7614383352771	0.661778925622633	0.781584448106079	0.631818738002542	0.776747874905871	0.732841976740982	0.70521966968951	0.637007643751463	0.781264875428445	0.590407207222331	0.60650261041849	0.643027296896567	0.740454823123392	0.709004222178367	0.649187367463502	0.771962301764778	0.69759369052401	0.777956028414143	0.656872906169536	0.743565404812132	0.817520085120526	0.715334363434305	0.66366963377052	0.740710304351605	0.617922413049684	0.699461938664209	0.728503198522646	0.772747613456254	0.632229368142685	0.685414532152916	0.6229593895557	0.689301623632764	0.727514456936516	0.792816248417331	0.709483092977917	0.585304856931167	0.74369425452397	0.731937912032467	0.648285595403516	0.808660896522289	0.803458730065518	0.805237510374714	0.639849356252445	0.695198621013527	0.792826961013084	0.734030652912726	0.650778904287753	0.762082096202668	0.636555580576868	0.796752444650131	0.816621022115183	0.726235543510059	0.797465088926602
Sample.9	0.755625663726897	0.799523875362983	0.7671965635471	0.670920368469553	0.62147995365496	0.810598726286954	0.674375743271361	0.657739246494649	0	0.707117442154913	0.69836160054324	0.683248813060117	0.773165857939721	0.807180459491867	0.653361653995199	0.688153816244256	0.731982187821893	0.778705186815113	0.685147597977605	0.796345871832605	0.784308779982761	0.72809646245224	0.803696151735508	0.696766375453378	0.719248894020221	0.799422927381177	0.739827515847536	0.696898690252172	0.703272450057806	0.732893609671166	0.792530090911152	0.747409305786002	0.787924195100984	0.74216885750105	0.755611131919299	0.667192448820366	0.727995229992695	0.79097106269583	0.659463718303787	0.742057164977049	0.658672540782562	0.779552568655739	0.755958275768922	0.700014233308283	0.687628203571833	0.805568136558944	0.65735964632441	0.686131050431441	0.70504043513766	0.755455748384551	0.688064408351969	0.700955748746494	0.807969800171875	0.760046115873254	0.786089469475665	0.690707673664746	0.744191964265706	0.800742248722064	0.753133764127954	0.684524646470326	0.71711489650105	0.665861970951243	0.703976622475498	0.700374541124618	0.785232040471004	0.643843336904453	0.662757369717662	0.68500256185861	0.705709155386339	0.740529092121518	0.803228612888069	0.715136891314849	0.629599081421838	0.764106730087012	0.77656151188656	0.705876791940234	0.783776472745217	0.817167665449256	0.819545932813057	0.68471667576104	0.658194429089118	0.820877178706227	0.781076056869574	0.651684550417912	0.776675909260129	0.64979139984592	0.826935489427074	0.801946557739678	0.726252810542611	0.789865102361834
Sample.10	0.675657155285669	0.763690393125582	0.676271861441099	0.575484718919685	0.622075049767937	0.716402407795256	0.53785976264718	0.682966194513334	0.707117442154913	0	0.692579998202544	0.630394487186492	0.680658487211114	0.674186362011394	0.669594775692357	0.652766270977425	0.664827245773633	0.700816983987163	0.677262788992712	0.746127682739785	0.714306476855244	0.679482715134764	0.68167903081075	0.623613061827134	0.688716537081269	0.710865506308042	0.697122047388048	0.684322487337438	0.771722870436047	0.634158583556714	0.733992259260129	0.712002768267396	0.683458585176046	0.657444594241195	0.676848546119171	0.649872129647453	0.66027042397983	0.668961397962788	0.619821204915392	0.700394391981935	0.721878095947855	0.730672031339703	0.696418435873533	0.674825250335332	0.632825471347837	0.695794378730362	0.653309868542754	0.641908478729101	0.695947344549625	0.731961812499534	0.754655725634871	0.664744053343783	0.734153576604527	0.764777478314561	0.727189846148317	0.680807793001365	0.739181257740324	0.715128979846274	0.721937574631214	0.638442938444636	0.663521170436326	0.624614874040677	0.68508001871118	0.760290340738569	0.714577014273821	0.654026399119575	0.610934731802342	0.663031630198197	0.739331586774888	0.6669868372311	0.730347617964786	0.623161497258376	0.613017053724218	0.609245244073943	0.618620069010577	0.669262510799988	0.802001570683548	0.733660423412326	0.709476457592804	0.701761538791427	0.719196981214894	0.699021431753325	0.64059802803284	0.679970402040509	0.773072174762484	0.687297615177534	0.681854088262867	0.679082557323063	0.763271489664738	0.738782521058969
Sample.11	0.684705411158761	0.733824727170076	0.705462725277218	0.595795859015826	0.568894980145189	0.790493146846555	0.577448233036937	0.701691357555913	0.69836160054324	0.692579998202544	0	0.68215173876117	0.683792302875885	0.698674231415193	0.582899186571817	0.643179584376289	0.626341636507655	0.747859987396221	0.54542073312427	0.782165876886652	0.747067535796193	0.652297286760066	0.697868587373161	0.57159749715312	0.618940288662724	0.694371921673918	0.707527856184949	0.691962101104249	0.660273577410777	0.670286399321217	0.766354209043227	0.722030388354965	0.746755169081581	0.709441975923243	0.738586241000518	0.621546190597412	0.660356031002605	0.755310162006374	0.620803567131566	0.653768694778612	0.602909809857069	0.728292672166029	0.67314557763176	0.635318940554963	0.56476388211463	0.702362485345198	0.586024200994982	0.614826218236199	0.683639150369788	0.718789552581767	0.654480463993836	0.595031233716678	0.790121052959689	0.767565463985151	0.72215807471374	0.656121788656768	0.668494040640731	0.731455974053079	0.711121667810173	0.665282981950725	0.665460245336618	0.633618170256948	0.616753990278023	0.629295645478323	0.725674658596229	0.62070846306034	0.532155700236914	0.636040746742925	0.600810286366043	0.612542149468518	0.766149430907616	0.67483606526233	0.586420020868773	0.703936176532227	0.725514237611022	0.56464809148397	0.745976820878376	0.771560664821821	0.777663881484787	0.691324784328608	0.659949733876417	0.730503246402982	0.721866299992195	0.629896501438561	0.72722318864807	0.569024227176104	0.789330559999987	0.763401489109181	0.633414884585335	0.768206244637266
Sample.12	0.754300929573128	0.738521098769139	0.753175843609805	0.642806359926268	0.636791780590655	0.824274014416701	0.665937136407515	0.6737425837437	0.683248813060117	0.630394487186492	0.68215173876117	0	0.766651382791792	0.768803610571073	0.645803905188819	0.641118445620147	0.710878095274695	0.766194167179102	0.701277002621741	0.78655264595013	0.735160627641792	0.703734180625945	0.738489334223226	0.717041322145654	0.672211089415607	0.778909145920047	0.727885037133575	0.646837458735972	0.709131632950495	0.744581003064732	0.79675893676583	0.732994901988649	0.761230945341253	0.743144020941971	0.765635862758126	0.633977861380062	0.738836603799609	0.795237335347059	0.609657594136351	0.715063866104142	0.671478507342509	0.781680225567627	0.70974680713052	0.728022867478563	0.652418545378586	0.778949064853594	0.586446321595739	0.686939056055708	0.647121675057192	0.733751046024568	0.660897294475301	0.667695119392011	0.772930663036328	0.725070260085587	0.766881908877319	0.611342282166649	0.740609735998956	0.814435359218503	0.740689650277741	0.673842350221021	0.731917866265125	0.589581519143323	0.671461354597731	0.706549681212381	0.730416385709156	0.670358558845167	0.67905819151099	0.677477587604239	0.661253676579173	0.701625796788761	0.791017887714527	0.688317339532266	0.629018576756278	0.737264404247771	0.741969742773045	0.679573151981679	0.777457418968677	0.798716068230877	0.782914117928896	0.680333182283821	0.602816609757491	0.794596179905523	0.740723661718238	0.662616399859676	0.777725857878555	0.660426353002963	0.789433489039721	0.799333595138085	0.714994644157362	0.774096729851562
Sample.13	0.568491243341865	0.679199295720697	0.638568029356755	0.646159675215854	0.697006941010843	0.564352565742341	0.512614835550053	0.723101259345682	0.773165857939721	0.680658487211114	0.683792302875885	0.766651382791792	0	0.508787929881387	0.749903112508999	0.713244072851619	0.733503847170693	0.630215836000442	0.701378774977592	0.533884899933276	0.645560209269321	0.680347022072571	0.574651311887229	0.610954610327713	0.692866598833581	0.636044084870463	0.633059917628537	0.783065066953234	0.755292007706092	0.708343387566491	0.645336963882406	0.64472222698741	0.689715821646666	0.601625357734186	0.592370480179793	0.684925459598443	0.663746779749729	0.56746908295702	0.598663069030983	0.593566075350466	0.716994097770581	0.665738902105329	0.665340212111794	0.684304943177644	0.631551619308376	0.608949381609543	0.638540808165034	0.626931845792388	0.598505241365886	0.54162705708564	0.723950326898489	0.627292978798568	0.68249600737411	0.695861467960966	0.611626444836864	0.722665995702908	0.452528123124989	0.654736289120248	0.512432368485454	0.614383673494514	0.777770071617984	0.711495345695413	0.643621026602836	0.726795465819905	0.507051622037802	0.703724886300291	0.666468887021644	0.749010484010206	0.733940963925096	0.618566170045453	0.598728350815106	0.612233610628348	0.6130297494346	0.405326417309929	0.597949585710982	0.641501183909105	0.740926828179503	0.610315378780774	0.638685892103886	0.738993186787664	0.769262934494943	0.584944314036426	0.515563343839773	0.667797055521895	0.566768370288222	0.705690236099526	0.658352875494124	0.629985391170621	0.738652100157489	0.582288141695299
Sample.14	0.562413970723335	0.68418199841063	0.608666810436444	0.640181894577186	0.658837587728177	0.658447262813847	0.471060324323858	0.74326465626506	0.807180459491867	0.674186362011394	0.698674231415193	0.768803610571073	0.508787929881387	0	0.753271079992564	0.693343084575068	0.721795413150084	0.54241350091907	0.700873706853218	0.528352221905766	0.636091241982402	0.697374210210549	0.581050710800456	0.617713554997559	0.730827404701337	0.564551470527222	0.562523110226878	0.818833661740954	0.787390973657426	0.676293453412419	0.564984203210377	0.652147899995979	0.659887951994872	0.562759810398292	0.522173790031659	0.652306412720992	0.61583444600535	0.638281406392549	0.602843430570003	0.565603367099962	0.725900388473861	0.713959610532165	0.681517577243688	0.677013403570565	0.652388447641023	0.576162476539451	0.633073396433373	0.653964475051435	0.601657124222598	0.586290411049631	0.769657689419623	0.641081962798102	0.659407639063188	0.751152398579699	0.550718247889676	0.752403012706141	0.554079869953548	0.629269010623454	0.424494881746946	0.609983187459181	0.743616568339888	0.649044545381147	0.587719583975423	0.739576139521918	0.590481036545676	0.668804373673154	0.677903798880151	0.755916868351978	0.7056510209469	0.620880611364666	0.57932530379162	0.650274869091736	0.652489468229232	0.513284844267981	0.642274214565137	0.586703243134561	0.758668563630193	0.529131308009907	0.551441321211693	0.754254673714614	0.779383917780545	0.487697405354462	0.572949241408187	0.669544132812453	0.560088039238096	0.737532719627624	0.61089634735388	0.538073861147105	0.764052032892497	0.566656331204402
Sample.15	0.72331389448655	0.73221165699233	0.76188223865067	0.599081353996586	0.604730818230015	0.763741734906751	0.643175042350732	0.680024446209159	0.653361653995199	0.669594775692357	0.582899186571817	0.645803905188819	0.749903112508999	0.753271079992564	0	0.683979762408706	0.679994650550971	0.74212210246727	0.608789938866106	0.807738159067246	0.740742803257867	0.714041742141662	0.698476215129894	0.660625349042984	0.619558502451732	0.700122943499868	0.686476609352146	0.655449650630598	0.685793033285519	0.675745956904373	0.738186648798224	0.643284425407866	0.711623418052789	0.703414629287744	0.727933152962202	0.638337766612006	0.690876260927976	0.767086723212828	0.630812941365783	0.643085863330589	0.610439734093294	0.776937003407389	0.722350462521366	0.613301155103118	0.638491699250126	0.738965144404036	0.598382136298478	0.640218238814286	0.68836694939409	0.732526810840138	0.660487575251768	0.638832034055151	0.776859999486946	0.771146014839114	0.714766900348859	0.630138381409203	0.7507247712522	0.725984402968196	0.762011904663086	0.69716382108882	0.700346321582568	0.632531900935167	0.689686582423869	0.682403059214404	0.748765452016702	0.623011674801854	0.552957627293479	0.626499032068514	0.589435268005561	0.662684083019552	0.759833851257573	0.713526776859893	0.61199513232941	0.748431089106314	0.751605879076668	0.61817979983443	0.745683775909449	0.760053987332684	0.791089542395137	0.698644893238148	0.604966631737633	0.771651383666879	0.741342595745252	0.661628141035878	0.77508597587516	0.593500970258751	0.808326426656817	0.756820962805036	0.701183228222338	0.778587826387712
Sample.16	0.682099557152706	0.760743748012324	0.74649726676819	0.570862801341348	0.672316760054022	0.806787634173816	0.621904808109263	0.634464769185121	0.688153816244256	0.652766270977425	0.643179584376289	0.641118445620147	0.713244072851619	0.693343084575068	0.683979762408706	0	0.720555617857856	0.818786422918238	0.664468535208579	0.789601340973073	0.731359431338615	0.664168455835167	0.7303977730952	0.65412912025032	0.633932113070486	0.789668962864497	0.689435951324572	0.684429871154902	0.689715416055808	0.742335043178407	0.825958112360724	0.750478013973675	0.754509372504147	0.752463141332392	0.798762185315813	0.575342231565612	0.700890782018375	0.758801699282999	0.6427239246632	0.723881622183645	0.650623436016354	0.702381050482094	0.685096582535397	0.694306285993462	0.61959073658802	0.759601972339127	0.590714113008411	0.616512030118356	0.641798403103909	0.72734852905765	0.667395873765517	0.569314321332716	0.789548290175336	0.777400489343068	0.791685062552254	0.672189924409784	0.69573390767702	0.803660200177572	0.641377802414058	0.706113852653138	0.740464834360715	0.614267225333903	0.659921370452165	0.690442883951891	0.727838326745552	0.653830939103865	0.663180217062926	0.649698544755317	0.632916750629217	0.698196220133549	0.810667332770088	0.720862726850585	0.616490447221662	0.703476636739407	0.749278188530079	0.569280882995864	0.817585550754297	0.810651291186543	0.829263320868918	0.663213513859434	0.675598790624035	0.7791229529151	0.75272657801512	0.671982627070901	0.754791058486343	0.652192342710318	0.782967392746891	0.796541735542478	0.71168064632018	0.813929056658574
Sample.17	0.674131310227804	0.752550735673387	0.711730537893249	0.534426373110389	0.610817212826416	0.778658222393681	0.627201161743898	0.73757645113901	0.731982187821893	0.664827245773633	0.626341636507655	0.710878095274695	0.733503847170693	0.721795413150084	0.679994650550971	0.720555617857856	0	0.739819132764731	0.664797732350176	0.814193820088939	0.725145053105868	0.657679923176326	0.757408763201222	0.681932689888761	0.690230266958113	0.759087290199844	0.694096131956312	0.738358286603338	0.739207029551944	0.69559407135691	0.792423559288066	0.748697714381904	0.711118206631065	0.690949044810106	0.770022016890558	0.721886484736763	0.697662925106446	0.743788117922758	0.687376184844858	0.661853540617501	0.703733839267392	0.670086180321999	0.698210260060489	0.675669419568309	0.658277508992631	0.736876611179463	0.612401496394202	0.691597792349503	0.708225266775538	0.747929249631188	0.746035658462535	0.654803347942773	0.802066905582625	0.758805770958265	0.779367475625703	0.716671031477844	0.734535720471825	0.686520072003702	0.752948276201302	0.748830650092141	0.639056922924877	0.651290985552503	0.66546277847812	0.753561960676303	0.734912669520015	0.674348893567861	0.648464910697648	0.723315418947383	0.714494627349294	0.644367316701175	0.799866433953355	0.724500651311879	0.675418480381996	0.715231196140196	0.724336678228942	0.671489186462474	0.808490639940022	0.799544031798108	0.775193073443166	0.723036706786045	0.719061361466027	0.748387207264571	0.72051835067225	0.731609980110502	0.764232873583478	0.664251170567548	0.796065470799506	0.726341986659959	0.746881812402423	0.807964024457579
Sample.18	0.604723209258751	0.685686077770282	0.635148305589342	0.745404343960863	0.684661149290438	0.567285188626437	0.599382947038778	0.807343430454998	0.778705186815113	0.700816983987163	0.747859987396221	0.766194167179102	0.630215836000442	0.54241350091907	0.74212210246727	0.818786422918238	0.739819132764731	0	0.71589302947537	0.459360845807348	0.647533169299045	0.770201114741552	0.655936125816966	0.676868470957352	0.812579107905948	0.502145017900793	0.663341670896743	0.833514578786832	0.806683875479349	0.625919849802926	0.372195223567762	0.590361341608972	0.708715851073399	0.540197868816134	0.386964284090762	0.768525259793631	0.655633993968715	0.603228303273453	0.646745339806818	0.647275795669364	0.815110712319575	0.765308168669616	0.729306910506527	0.723101673801475	0.705056980142399	0.588234139773391	0.756996161726808	0.752918531690283	0.726868422317752	0.653793448150961	0.785907686470582	0.744974134927497	0.665001189794375	0.715349355206582	0.419871711095262	0.813529057098032	0.667803489068699	0.575393077235352	0.645542900303051	0.605126070772141	0.718664585113367	0.762511743275515	0.708261653610364	0.770054495388276	0.651779209343404	0.70541277106097	0.653277731814472	0.756839113498532	0.814508841605907	0.666349623232951	0.484547499667376	0.688963459180132	0.657049593149165	0.601017140862736	0.663608383464049	0.761638847002532	0.6630338484976	0.465999648136948	0.496799698805775	0.766860940525937	0.808463595343024	0.480391780791166	0.63078147239896	0.67256464625811	0.611787220706581	0.760312409798034	0.590278166886678	0.451875405988828	0.75601771969534	0.35733974455726
Sample.19	0.62734098305832	0.685833097794727	0.631683681878283	0.600662780656976	0.480183936935516	0.785804691500908	0.532786250913596	0.681460451607885	0.685147597977605	0.677262788992712	0.54542073312427	0.701277002621741	0.701378774977592	0.700873706853218	0.608789938866106	0.664468535208579	0.664797732350176	0.71589302947537	0	0.762496195718039	0.770879810660584	0.604913966836305	0.730363464523422	0.51698694939	0.643010441504182	0.596316141670843	0.678180416455757	0.688696480388837	0.632193816241731	0.607430214504684	0.733982593109631	0.667160703151183	0.752550342076241	0.625148569131582	0.749246118701211	0.656021857668197	0.58387573103271	0.73344408117253	0.630466546136565	0.68135079602337	0.576845264744536	0.656580867640924	0.652940498140585	0.642828660232136	0.55899461350721	0.623055066739703	0.543325742512876	0.553618836712061	0.669493003966384	0.690466446081234	0.586793631294419	0.545845120215001	0.773524904408096	0.72838446702411	0.680068183799303	0.654598231502145	0.660619749566458	0.644986015473558	0.723547526205109	0.673386658833526	0.648126737371537	0.648098086734301	0.631128811584155	0.616030201893396	0.645253868785162	0.667490976658645	0.585155029126872	0.549932251467384	0.643450330746115	0.551570357634267	0.697067863693248	0.697027139059588	0.583251012621766	0.710293273596714	0.71901501828504	0.530129452125166	0.688497910031884	0.740484101471889	0.726485375649746	0.653607385222631	0.641888792509414	0.657785292540298	0.679965313768802	0.615119718499738	0.67406163719762	0.49500224180513	0.781117859837626	0.722275182836764	0.54748152306816	0.746386528928615
Sample.20	0.609266378038019	0.574660238821974	0.618321879954897	0.751140475402605	0.687283008877809	0.570528835639201	0.580029631205919	0.793262311674211	0.796345871832605	0.746127682739785	0.782165876886652	0.78655264595013	0.533884899933276	0.528352221905766	0.807738159067246	0.789601340973073	0.814193820088939	0.459360845807348	0.762496195718039	0	0.690040620688827	0.694019173190199	0.593177442980111	0.609389823408715	0.797717246649208	0.559881719159456	0.658850427786034	0.8418659259402	0.789601357753444	0.660602853692809	0.394533972531376	0.574029974266002	0.713832367290757	0.514092700461784	0.459728943295849	0.700027139992642	0.588329192405725	0.645157783853959	0.607425951954432	0.680869221098905	0.797126262468422	0.745906618656554	0.734071607738544	0.751381881410448	0.742479170236808	0.554798666099615	0.793639663539183	0.716809425231467	0.700190260517897	0.518954189693027	0.789245759762399	0.712230176874659	0.599397496262315	0.677268446285179	0.43841127823146	0.801956711563328	0.592314922626369	0.656484306708894	0.50016665674397	0.480418083150394	0.721451614777344	0.775446743306709	0.716592190967869	0.733099209842038	0.478076188973016	0.736615778480189	0.73876167511123	0.732038579535305	0.787894320325401	0.654046238733092	0.433041986323989	0.565545442435245	0.638360400257398	0.569433582924992	0.642990537939875	0.740403787297324	0.66620123992401	0.302833637466584	0.477203903545796	0.742677375605082	0.81335784498932	0.514735039405094	0.558570474391846	0.597066059792088	0.450140298958806	0.752651440447972	0.464356251993285	0.487350281829781	0.716393307626975	0.340708210362757
Sample.21	0.64277883040748	0.678669072726948	0.747140164691764	0.678312155752132	0.759975517219318	0.63055055872495	0.62675626896156	0.786253563685927	0.784308779982761	0.714306476855244	0.747067535796193	0.735160627641792	0.645560209269321	0.636091241982402	0.740742803257867	0.731359431338615	0.725145053105868	0.647533169299045	0.770879810660584	0.690040620688827	0	0.680523780102306	0.640382461279405	0.708733265502499	0.736149384806053	0.614335189438471	0.702102420841652	0.819639894260952	0.798220093918269	0.703026075272864	0.677557408446623	0.658933719880148	0.652004660799051	0.627301177753064	0.661178771233345	0.747716764373308	0.67478011364702	0.697117123167821	0.650300695597412	0.623714414477717	0.732871310869951	0.717213927665655	0.684012736705513	0.616366069977586	0.724789249579859	0.710758933649195	0.744529932856436	0.764649173226336	0.728195625498821	0.614341150175499	0.776003624049811	0.678558285958643	0.71117536540751	0.776003610127493	0.634397575209533	0.762678816182422	0.646755451641805	0.670467614102726	0.628053896387958	0.720344940493008	0.746638283304683	0.761041282425058	0.682137998638758	0.758239630974542	0.667460634386019	0.704348086016399	0.721854046370594	0.79754200618306	0.770744933033729	0.655661322472273	0.66660715174289	0.716577700021527	0.695168010577942	0.613337745685203	0.731327183503361	0.720668447991943	0.753013600407208	0.649825264122222	0.728489775575857	0.786737535875927	0.785342544583303	0.650595092959052	0.700767435275349	0.727983747109562	0.665673915014787	0.762411582588592	0.700126866336187	0.656728122538897	0.792450604078231	0.661268443135994
Sample.22	0.649226259635294	0.686659059630918	0.68883181753866	0.570122886037503	0.603527647985327	0.767114190402451	0.566494403230129	0.73336312147282	0.72809646245224	0.679482715134764	0.652297286760066	0.703734180625945	0.680347022072571	0.697374210210549	0.714041742141662	0.664168455835167	0.657679923176326	0.770201114741552	0.604913966836305	0.694019173190199	0.680523780102306	0	0.746481309792932	0.559669002856642	0.688896198251604	0.696678415369105	0.723500625980571	0.772515974593178	0.680556075051461	0.640113524604124	0.734121705235478	0.698250270811121	0.677693246751091	0.668546590566534	0.771485472537553	0.658659580058297	0.55560572827141	0.705106181307323	0.643609333577119	0.700919006842536	0.652004960488288	0.658796629768572	0.655543133846547	0.699907256241314	0.626032793106431	0.659177021207518	0.646157682700699	0.633637538459769	0.693934245769119	0.635787646423303	0.674984226788635	0.612390189448099	0.720182913397278	0.645620958594293	0.726496075593256	0.689727657047825	0.68362302300833	0.687632812604939	0.648858811833247	0.616800025022598	0.634837990154066	0.68190777935337	0.616771506667633	0.612216579031913	0.633645668149983	0.693980226138022	0.687687648383954	0.642658132709645	0.661376230997833	0.602596509905333	0.729096597609761	0.639071984946793	0.592566698171121	0.688557750413592	0.740650697360033	0.63533244411094	0.773747973920617	0.725954219627123	0.720109175968222	0.647993257979226	0.709718365560845	0.696853712476688	0.666328704629198	0.644762733288227	0.656219291017459	0.651151887701063	0.673194920909889	0.714531420138624	0.639160596372048	0.751013758757027
Sample.23	0.6918070242718	0.541902051841385	0.68294065831572	0.650261756546196	0.7027434754475	0.608429450258132	0.566517047053486	0.775073143260787	0.803696151735508	0.68167903081075	0.697868587373161	0.738489334223226	0.574651311887229	0.581050710800456	0.698476215129894	0.7303977730952	0.757408763201222	0.655936125816966	0.730363464523422	0.593177442980111	0.640382461279405	0.746481309792932	0	0.627241448858139	0.698302066488154	0.595082507063755	0.63510172758475	0.76232384929688	0.794366261883336	0.669856463315556	0.599553909152259	0.641662535791972	0.619038511276867	0.612095179229779	0.640167186833004	0.670756988186423	0.669537726932623	0.702008769596035	0.572274745699642	0.655557981937438	0.726036338922615	0.712563382232527	0.669994351256604	0.675165335376038	0.71315046705667	0.580284954986014	0.722121427924923	0.658752036478434	0.689096601358292	0.632377971500527	0.778132203456363	0.622917430889848	0.631126995255923	0.737191472085317	0.562806876843852	0.784049279345928	0.65314679004377	0.622811937665058	0.597830573726431	0.584022254126728	0.75662742189822	0.724619792507155	0.692577871030908	0.720637361245298	0.627097136461634	0.705555156202059	0.623110427506827	0.762825731238654	0.749620418510608	0.645076013747471	0.565998343131966	0.621871711251002	0.645676624735905	0.571636555089018	0.633525370461448	0.656588110946142	0.713466101823773	0.567599683379209	0.644332966181054	0.743035708528083	0.729578586356968	0.64480873821111	0.611786450381453	0.661005220453447	0.65661190408183	0.686245963904315	0.656082872431071	0.623282593482609	0.74012753002157	0.616373601954864
Sample.24	0.567640356917736	0.610080615437579	0.537153994963891	0.564987715096704	0.547213171852609	0.692018356397042	0.413524270604808	0.707371940221089	0.696766375453378	0.623613061827134	0.57159749715312	0.717041322145654	0.610954610327713	0.617713554997559	0.660625349042984	0.65412912025032	0.681932689888761	0.676868470957352	0.51698694939	0.609389823408715	0.708733265502499	0.559669002856642	0.627241448858139	0	0.637279121312221	0.533817661214831	0.652615936291258	0.738670177494708	0.65692072218033	0.555382327559793	0.650557629602339	0.624841118702268	0.694009433445109	0.578889611421886	0.688610638904895	0.605231261832413	0.426651580890484	0.621456764736902	0.570199743360786	0.663096918355619	0.649361908732772	0.677413361910213	0.592283510283991	0.575298577635585	0.589216434887721	0.587647383831159	0.596703574674451	0.482638234024838	0.658870457227828	0.554106596474141	0.652649758174356	0.546206351519813	0.67670134255748	0.737434816276162	0.610424864966028	0.707929544198275	0.64373642814307	0.550210949675927	0.604013804974035	0.548630060599484	0.606143023053814	0.655958501103533	0.601086099016175	0.557569108309233	0.506468993480568	0.687867652556233	0.558631282261622	0.615921975526071	0.62035037285355	0.531482462025986	0.670620284184375	0.542430784386165	0.593685004986429	0.595662950267981	0.648403871109961	0.585034418637124	0.710628910722597	0.609733366485949	0.604898612930921	0.677763603087655	0.707140344925656	0.594158444253937	0.622741454084424	0.590388084386904	0.547573406623306	0.582667107628051	0.649729468297147	0.634039190787274	0.589999519949311	0.696783806173818
