Sample.1	Sample.2	Sample.3	Sample.4	Sample.5	Sample.6	Sample.7	Sample.8	Sample.9	Sample.10	Sample.11	Sample.12	Sample.13	Sample.14	Sample.15	Sample.16	Sample.17	Sample.18	Sample.19	Sample.20	Sample.21	Sample.22	Sample.23	Sample.24	Sample.25	Sample.26	Sample.27	Sample.28	Sample.29	Sample.30	Sample.31	Sample.32	Sample.33	Sample.34	Sample.35	Sample.36	Sample.37	Sample.38	Sample.39	Sample.40	Sample.41	Sample.42	Sample.43	Sample.44	Sample.45	Sample.46	Sample.47	Sample.48	Sample.49	Sample.50	Sample.51	Sample.52	Sample.53	Sample.54	Sample.55	Sample.56	Sample.57	Sample.58	Sample.59	Sample.60	Sample.61	Sample.62	Sample.63	Sample.64	Sample.65	Sample.66	Sample.67	Sample.68	Sample.69	Sample.70	Sample.71	Sample.72	Sample.73	Sample.74	Sample.75	Sample.76	Sample.77	Sample.78	Sample.79	Sample.80	Sample.81	Sample.82	Sample.83	Sample.84	Sample.85	Sample.86	Sample.87	Sample.88	Sample.89	Sample.90
Sample.1	0	0.389493577007885	0.169676548075758	0.229572817156189	0.343910574089086	0.354553813077442	0.245958271526213	0.375311408692551	0.458776949317873	0.310603587670194	0.422249454282707	0.391909498603758	0.302480146451577	0.360941738952897	0.428380900518276	0.437263294102784	0.328164825098518	0.359423424916434	0.318882179237779	0.382005036767721	0.346548213121362	0.284378417870632	0.382448776216425	0.30718158470623	0.437059075901546	0.406284725933608	0.236246222852594	0.333766316419799	0.440677917361719	0.412546785310535	0.436819547115559	0.242868161547253	0.351643460525904	0.342357723431297	0.427749071003671	0.510845801769809	0.361431847429108	0.271269094314359	0.401546874742062	0.368414114218319	0.401381122421271	0.260863173965305	0.400242265520636	0.420045589805073	0.406503925880742	0.300991235681257	0.180296039489109	0.281654521430827	0.382713878080436	0.267627691497304	0.390940358920959	0.426406064185821	0.344566172761992	0.251408697217391	0.427159594301908	0.38051503153673	0.263179969943103	0.310457211989481	0.233337357701978	0.430289276197556	0.420571467263609	0.296110309711316	0.433682733645004	0.480251307048813	0.274319302651849	0.422709406123627	0.625048011177234	0.362690857419303	0.645855459358252	0.356994200344816	0.406223587838475	0.406902434263205	0.414906680252451	0.302226507998514	0.365872438778506	0.390589139701628	0.4098609401495	0.426901023287309	0.408378782128974	0.331728963652429	0.412944136635373	0.354259435534556	0.233069945266892	0.479942164977863	0.352752290506222	0.544902190553961	0.193535594003164	0.301671105767283	0.387203235438592	0.448810920264377
Sample.2	0.389493577007885	0	0.424670144687457	0.40161337723217	0.505215912622797	0.435722941590401	0.399887698974936	0.566023744837719	0.612699563428171	0.406000606987135	0.542011977028071	0.48623085055529	0.402080671948741	0.507626751422131	0.547701439909606	0.584087837702364	0.457415613732568	0.533170726207644	0.501492046710694	0.490271225625014	0.438184934945831	0.405053521909799	0.288060335815659	0.468793460332044	0.54276683172035	0.507493563284931	0.394373154941326	0.535330614309465	0.614737401645919	0.601694616301154	0.587245649892716	0.396772387431828	0.404232178741409	0.506741447503741	0.564510867866357	0.601928033243274	0.46279221596682	0.336972922061332	0.503251084144864	0.48576296233395	0.551032545424942	0.345892416093716	0.470281831843107	0.520317532221449	0.593126969804214	0.429999002852746	0.402522141758319	0.440618277211236	0.556596874374651	0.409132287427594	0.524830342172406	0.415358226328665	0.424784363419882	0.440565882139801	0.506821024738758	0.534556930861846	0.455218274575939	0.483398218913335	0.386832815678813	0.531127047722448	0.551816392450607	0.480764115730632	0.508645556396839	0.508152731346901	0.32048774645854	0.568808326345341	0.746071226873281	0.497714121671081	0.75614093378367	0.474831033122681	0.490753684371031	0.480573441902669	0.541798683907511	0.339701758967685	0.377929007877597	0.460539453818642	0.457784387706874	0.521813692445451	0.519192590790603	0.414908528175596	0.531214140688326	0.474173248777969	0.422045213280276	0.637563852848657	0.498012266291642	0.664897699113498	0.36081866789828	0.478234155057064	0.502430166594005	0.545785798202819
Sample.3	0.169676548075758	0.424670144687457	0	0.300853271781473	0.373233350022806	0.404926443799576	0.291387159513938	0.454929090060944	0.526370292644755	0.355677059395941	0.471272911545468	0.442290008135564	0.352634212267069	0.398509623929723	0.47544550183134	0.497602707889388	0.387072622936612	0.405042350579528	0.395703162750002	0.422273040364138	0.393196574958523	0.343741733473051	0.412765162044057	0.345035761983182	0.494001162778745	0.421919233183137	0.321593075587373	0.430302687066563	0.512643197303765	0.360688759371265	0.453741115600946	0.297856985756007	0.384747455772016	0.410194023346456	0.46495051658209	0.545190238525047	0.341421814538193	0.336701442643621	0.453343788674016	0.428445716531261	0.455064308999329	0.325096758993844	0.437778748794971	0.467524868559714	0.476773955432737	0.274102218265914	0.269740017370026	0.356065933915248	0.441074869877326	0.328740688457272	0.438590737121697	0.496352341973773	0.351333066876049	0.338100162016455	0.453407176766806	0.433405533067366	0.310036321358422	0.266641636659889	0.280991135870724	0.45221663308451	0.474607945898331	0.376551803058621	0.46621087101903	0.523536726511745	0.284204719298346	0.470845146304348	0.664951528886217	0.42296006681069	0.66067621164278	0.417374717641684	0.411622038164733	0.435023315303291	0.460328975473994	0.325464489374111	0.323390173108032	0.433636025361229	0.480631502410009	0.445173551210507	0.402435650878694	0.382536842266637	0.48999446270523	0.371604260624733	0.212280371270494	0.521944615592315	0.385791325018364	0.58091327192216	0.22567795890818	0.248571651829036	0.42732767121508	0.479763090723109
Sample.4	0.229572817156189	0.40161337723217	0.300853271781473	0	0.338851222448488	0.360328557286883	0.181574457141914	0.388931124178398	0.473561591114758	0.265818186965248	0.31944623583619	0.319933430720838	0.272851150160435	0.347708990118934	0.316635788605669	0.40035542830613	0.268127252027626	0.400280221486385	0.328451126658928	0.416600501672255	0.345888003635773	0.305447881775213	0.346728360521802	0.336933986568588	0.334066519992546	0.45826905850268	0.279470203950564	0.350696598916545	0.478120917597564	0.441883801369762	0.504654574974157	0.275293526716553	0.312705475182395	0.372574194815633	0.440337911638488	0.433732810708857	0.358930368668126	0.31558915986038	0.334451437206225	0.3261137612994	0.383877783454201	0.248221877863866	0.3737952084821	0.325325735861381	0.423980669905014	0.305302354361212	0.210421469294132	0.338017551872511	0.400401464835393	0.306072804737482	0.395969363710361	0.370686945049755	0.382264179508607	0.326753449048935	0.448447598617359	0.334645655283409	0.294470130596465	0.418955188793299	0.273279088510518	0.367230691483952	0.455164485854731	0.239110594373313	0.382286215833407	0.494077343748009	0.273586156642084	0.374948525717195	0.573776154901539	0.350863694009975	0.618397074949925	0.378484428595476	0.412877845008439	0.392194050290684	0.362603145063257	0.283093241018587	0.394795897361173	0.335268165370715	0.483604700680151	0.475554910120232	0.461815391176868	0.31040603773841	0.382463089387269	0.387188292306812	0.307175421550549	0.450734858216875	0.400468658596275	0.538042375306911	0.27530528198623	0.378089308327564	0.406190215919942	0.483584093507127
Sample.5	0.343910574089086	0.505215912622797	0.373233350022806	0.338851222448488	0	0.514010871502558	0.354069256571246	0.281931707250995	0.259135154137612	0.446229462280396	0.419269934118636	0.432504766469343	0.462925582857761	0.487436598696017	0.322999454105336	0.301563251917638	0.419365868163112	0.492336075312335	0.223261703957052	0.52015483576866	0.501521561058485	0.409917776690294	0.491068299659006	0.221657637960574	0.378544549529917	0.521068410367365	0.298868927145871	0.372966344921472	0.397068684093241	0.476897779563994	0.547990680590919	0.364394198954615	0.441960614182825	0.411779121516916	0.55072722620713	0.364707334968913	0.409121534258735	0.440632091329349	0.452584351320853	0.426134824937666	0.187666567836391	0.380377983489567	0.42296349673323	0.490640747566647	0.246556803323151	0.409350285952364	0.278234256257874	0.334675392429199	0.460029711003893	0.420253319513808	0.369881184518578	0.366848808719574	0.437153342809335	0.385607145554805	0.532363791630042	0.462095215216418	0.395321303909338	0.507144459892446	0.301721091281801	0.426532567253114	0.464325806715807	0.344109319989751	0.229826985548767	0.405487561303092	0.417904033196487	0.367302913808134	0.44891244432406	0.350828189465384	0.487012654292948	0.437463199776897	0.499475682813093	0.512902943967335	0.512087943451895	0.407707981500614	0.476287063082622	0.414811418599655	0.491187324203269	0.540514523590137	0.524731747015963	0.324027619025535	0.391629873068866	0.480488269544747	0.421062786745138	0.281095500512924	0.426083965486583	0.359007539043363	0.36364894140112	0.463500441346554	0.250465777444025	0.555680021457869
Sample.6	0.354553813077442	0.435722941590401	0.404926443799576	0.360328557286883	0.514010871502558	0	0.254141494999394	0.544875228467032	0.615463081318476	0.382632694887584	0.416591824413477	0.537257528548906	0.204174421036424	0.365751416137937	0.500452870434273	0.598754652774483	0.485176835582098	0.357165174447699	0.467375245609442	0.248589821279405	0.153825761327301	0.215572665491318	0.459028546774307	0.453045795438637	0.446829265777537	0.541795877788292	0.42222372737419	0.446997037640542	0.605825832892744	0.416237707441713	0.547112333554598	0.360111791486101	0.230412902852101	0.360711171688155	0.546095759823157	0.633206323427627	0.508767855334641	0.373901737465271	0.401408362860737	0.333629749723727	0.550479578552881	0.391902627579464	0.530095489803812	0.435809187865821	0.566001362287153	0.33895444349011	0.380092753400903	0.466926811105085	0.566106946870134	0.428185688666191	0.525445758985007	0.539275633631216	0.473178089042418	0.421335230436369	0.532008143024003	0.54570285160868	0.320309021781055	0.479924579429293	0.372219951338017	0.54744856962241	0.555884775462637	0.486026075544163	0.561671255875067	0.56596976855155	0.341443400903376	0.508919501641855	0.763365042246157	0.484201493116936	0.773135891010058	0.316951119110614	0.407626604764988	0.448206178345498	0.431600742404897	0.388526215278038	0.416305209687333	0.456171267295693	0.498785701076292	0.559417225595777	0.545066149094298	0.480203301921647	0.562563462259237	0.428884684701476	0.411830226531895	0.619943840932722	0.51046152609257	0.676876742480356	0.366692543082555	0.453629167197162	0.495674504370237	0.559258747302916
Sample.7	0.245958271526213	0.399887698974936	0.291387159513938	0.181574457141914	0.354069256571246	0.254141494999394	0	0.413038244027317	0.49087250260738	0.270016781965836	0.317800420589574	0.398965536207427	0.167706810222495	0.275655365261233	0.370463178379344	0.464187070751704	0.353408243276161	0.297134815522889	0.339106138334061	0.399707463436357	0.290888616712105	0.310290074071038	0.389822166962138	0.333731602491622	0.329363133814717	0.46072002436666	0.322136319343555	0.345383827391896	0.49271541387964	0.347806203241246	0.496837397599707	0.285652575513494	0.327542534092715	0.290030857964441	0.457523831090342	0.488438883045943	0.365955158664474	0.296751430070816	0.350313074989373	0.267401173645869	0.413312691187437	0.277710428117633	0.386736577099574	0.352287363692782	0.443148521005623	0.288105632837361	0.242190825226427	0.351566515267752	0.431645594480122	0.314614078717001	0.399387042116769	0.394698566225302	0.397317462678129	0.340069253712361	0.448502923393621	0.401283532268102	0.191167916038833	0.392593366121868	0.276404358172249	0.401221129297655	0.468442758287941	0.321901032151303	0.401870707356771	0.498871775025407	0.267637101787625	0.372002592986385	0.621947523588349	0.365626839731187	0.637194307003541	0.375080990889381	0.343667997752105	0.389914218936051	0.330227948917225	0.305650345620494	0.384069541737075	0.294077650637516	0.471949534626378	0.477729942161901	0.459599378955092	0.356709375031942	0.42034862885669	0.336491981617992	0.312279704732148	0.477477050103566	0.397371748460559	0.548881728838024	0.278142069379819	0.367695246746406	0.391130469723485	0.482718426920991
Sample.8	0.375311408692551	0.566023744837719	0.454929090060944	0.388931124178398	0.281931707250995	0.544875228467032	0.413038244027317	0	0.323600991613309	0.475092782633175	0.493068557108863	0.474223325302564	0.467589523273176	0.525449191842904	0.36548154438678	0.30836180267666	0.522720887177722	0.539189882536039	0.260041420914533	0.54658306403514	0.533847122069192	0.457686560156287	0.536201642176404	0.27588105800317	0.400613563128684	0.595234284682438	0.382313946873714	0.381061185274828	0.363787356940788	0.536376832370481	0.584212658706852	0.446416560057176	0.512483422048081	0.500656596014663	0.607169912613072	0.375505354369379	0.457998239289681	0.465391236512114	0.482243873470287	0.532828223144838	0.285242437335879	0.4606597246985	0.507936926262799	0.494505002769571	0.304888512256001	0.456022122555939	0.350347768657104	0.29669216851521	0.44970036124074	0.475194111240648	0.469584068276537	0.398897782237753	0.511630610592414	0.328905007780178	0.592105398853077	0.49737675852849	0.449786699689123	0.571016639653462	0.38702834478511	0.467951684734241	0.58145554497778	0.345233801281469	0.383770697595272	0.450503037886992	0.468392135303438	0.453643300421255	0.498501751959417	0.404742052923287	0.525415524069908	0.504633286217582	0.555895839300796	0.566938822288842	0.537621820107375	0.426634434706799	0.483258926788543	0.428484083708902	0.571201765830284	0.611526775803235	0.598262423529413	0.424812992325456	0.44956033519929	0.54886649073685	0.421588327704152	0.334752739499963	0.509035582214903	0.398190440463497	0.435038968161022	0.538503510963603	0.375043461661886	0.611139397450559
Sample.9	0.458776949317873	0.612699563428171	0.526370292644755	0.473561591114758	0.259135154137612	0.615463081318476	0.49087250260738	0.323600991613309	0	0.565528102773332	0.555446301841595	0.52309629788463	0.566876953693122	0.616418078696469	0.409278836345476	0.30157891330977	0.570610798635047	0.615832797327055	0.305898687834099	0.621945737167045	0.604006862934537	0.517461100125826	0.616828562025655	0.32422043667585	0.482774296368835	0.6516437136499	0.405059997965853	0.40651950459902	0.362469885826599	0.600750258676362	0.669715176974304	0.484663671381495	0.570464216347025	0.510335278859905	0.683834118314632	0.389567311958288	0.505063796881455	0.523461494407707	0.546865709734783	0.538701118311065	0.271664797782502	0.482052163443438	0.562917872484466	0.57812830362635	0.281700517293735	0.525843751335013	0.402212319280031	0.421068889455545	0.526660759600059	0.514160066936256	0.465878613305472	0.451256232674104	0.566781258392681	0.465722939074277	0.648832897220273	0.535343533624385	0.50825126555292	0.634630356970762	0.422020338220372	0.544329609410899	0.575946176600723	0.451750242866169	0.368977083571979	0.518408793473836	0.513341529305438	0.496445448238816	0.450924108355171	0.412782793350549	0.494574875217043	0.523355764525194	0.610933238798276	0.615085672847853	0.637001253894637	0.509688418549667	0.579135504595648	0.51138033962107	0.584992389859912	0.669536157789823	0.656621206596694	0.387596434501548	0.460123882962893	0.608069616256381	0.54300180426591	0.253024094308434	0.514588888077921	0.329833128353809	0.489953353382908	0.594584742389857	0.380022872433966	0.667901644559447
Sample.10	0.310603587670194	0.406000606987135	0.355677059395941	0.265818186965248	0.446229462280396	0.382632694887584	0.270016781965836	0.475092782633175	0.565528102773332	0	0.383041399848821	0.375006961075935	0.289376855167685	0.399557034355673	0.382127002120116	0.509829065752456	0.354089325018196	0.409532626860405	0.439490934541955	0.488151594588949	0.406024014055807	0.402997331106575	0.373229169044609	0.438249591352511	0.403181854067835	0.48223670491267	0.373973226392986	0.410133334695787	0.58873670338949	0.483461619934743	0.551763862872966	0.3736346125255	0.39783442634293	0.410136170623114	0.444538359305487	0.521174904037599	0.447354944755161	0.271120421146598	0.41916509512067	0.382860892063752	0.507186248810863	0.355138992499254	0.466143710631809	0.414688419883309	0.524452301194283	0.381097319431031	0.336309109433299	0.433040844691501	0.47753010710769	0.395283071465504	0.49576700722084	0.465014404047444	0.430777366897219	0.389306542745854	0.489090736764431	0.389662349419259	0.336402147144572	0.424386913002101	0.363513256506455	0.421271045237185	0.524834573782969	0.323560958233715	0.477892890107734	0.595382933323301	0.345832116467035	0.450639731233543	0.677340513637588	0.423813656763161	0.722640741824511	0.466669502873313	0.434126138240771	0.460612914646741	0.36520601259618	0.26316769497062	0.3624039032914	0.402889844663214	0.521720218376245	0.500851193714771	0.477894133390423	0.407001159075525	0.484705970692639	0.387177575157443	0.374362773707963	0.535507250830535	0.469314255666393	0.638254077457321	0.306264662173604	0.393979705324069	0.498472037037072	0.516150752448021
Sample.11	0.422249454282707	0.542011977028071	0.471272911545468	0.31944623583619	0.419269934118636	0.416591824413477	0.317800420589574	0.493068557108863	0.555446301841595	0.383041399848821	0	0.306297792266645	0.317363640542925	0.346591298534609	0.303887071710516	0.510809163558687	0.347286483999643	0.369134799269583	0.41573171761458	0.598982263359681	0.487534748035739	0.471887024952438	0.49035130915424	0.462127075284369	0.233429726334096	0.519987324057179	0.420534315327413	0.399885302249181	0.603807828395972	0.335377677545845	0.63447424507989	0.448387986334191	0.49757538229468	0.314204460388215	0.475982733991958	0.498589387829578	0.452917700820852	0.454798236097448	0.403029388680709	0.288456980353681	0.458596957489708	0.410054064381993	0.418396536012956	0.400793648378684	0.501058680916628	0.46957262913762	0.380028898743335	0.477657115546526	0.532537976909046	0.420055204281001	0.478506306910763	0.469438340114071	0.507315100784001	0.452175991870831	0.51106633164161	0.342925508678932	0.328071461113267	0.514655280588072	0.394542054388065	0.38874234973997	0.518109461791027	0.285158937067731	0.419440029390817	0.613576934625473	0.461040034660151	0.361944229969887	0.64082746768986	0.410645263505078	0.699177101530927	0.51815416420162	0.421982408962243	0.50019040687169	0.271165104722353	0.44114397923015	0.549884632652567	0.319699336843929	0.579983168769128	0.542637972164089	0.527761790888371	0.406744815097156	0.444467441317324	0.407635383635557	0.487243925677439	0.532626082014448	0.472437733773749	0.617661142261816	0.42244902565088	0.451220148264309	0.474154993860057	0.537393421264197
Sample.12	0.391909498603758	0.48623085055529	0.442290008135564	0.319933430720838	0.432504766469343	0.537257528548906	0.398965536207427	0.474223325302564	0.52309629788463	0.375006961075935	0.306297792266645	0	0.460150820274813	0.458077045273325	0.342936444328628	0.493569365934825	0.30351037044906	0.481668136883607	0.443309395828447	0.563733827044912	0.522738579621332	0.436584432710529	0.441199870155876	0.498302763631583	0.389615130009466	0.460146486250961	0.363389229952797	0.401754661301629	0.603763919660817	0.551331137069913	0.609640703823946	0.408167536516177	0.487493978795709	0.404836174338257	0.436517747324502	0.471111248166171	0.435351121337315	0.402151954756786	0.399277806672148	0.373126609741059	0.449899946751379	0.374671795965594	0.392093074978659	0.426001117965415	0.487433790387698	0.474575785649225	0.312053011805579	0.489121823392449	0.493247902716736	0.34766600516468	0.464679229922804	0.499136563345358	0.467749143806153	0.394596063851335	0.451077928009088	0.246238450984159	0.383548572261708	0.48681225077734	0.350371272529171	0.36318125136369	0.474041975316777	0.273764336971667	0.425369519083866	0.640823653362962	0.42320137913823	0.442507280824855	0.660797784902952	0.402750733518402	0.738836721610273	0.465313459153192	0.497754874643022	0.42886830280337	0.320407538299365	0.390087429690751	0.507321585792778	0.414406595087683	0.531997955861285	0.47819265904718	0.462216696705206	0.360178693161765	0.408568129091558	0.399732515014046	0.433199407556423	0.50408104340281	0.430584678899772	0.605002126970325	0.369153497305001	0.439646471303216	0.485137473770028	0.473044353016154
Sample.13	0.302480146451577	0.402080671948741	0.352634212267069	0.272851150160435	0.462925582857761	0.204174421036424	0.167706810222495	0.467589523273176	0.566876953693122	0.289376855167685	0.317363640542925	0.460150820274813	0	0.294520013897129	0.425889051203844	0.53293661119371	0.397669947752718	0.31465474918191	0.422206470902936	0.408357605619468	0.305220175122913	0.332962988032372	0.411521516334297	0.409173016671058	0.35549105510251	0.504239468446586	0.371530526912809	0.396775783004338	0.549335297015983	0.362955164462063	0.528845624770528	0.341271440385322	0.382254154541358	0.29761513012502	0.48445568464425	0.552318448971667	0.451302480519238	0.297800578664006	0.3760721258425	0.260327952529711	0.491923028404626	0.326783074080437	0.473117842133005	0.406705523289909	0.518594624391259	0.31461748138137	0.314440397933492	0.420700289286695	0.472595620694231	0.361066100756527	0.474774813700666	0.462154019457033	0.444999496159924	0.371451422466018	0.489532080783222	0.443537419223837	0.2342238900464	0.426729381537881	0.315912131880753	0.465539886652715	0.5210205408795	0.412695296288402	0.498449646118022	0.552682416223929	0.292177066858712	0.442307201397211	0.699209350773568	0.444845068207047	0.712944925910698	0.395286695243688	0.367759508925777	0.429546964439219	0.338713318850246	0.274952905108446	0.35357199880017	0.385484522344314	0.490486248375673	0.519926268760148	0.502577986698259	0.427131449369672	0.488217535396677	0.38230266651514	0.357383096185332	0.550867076408313	0.445600761035081	0.617032619318647	0.322762696103845	0.410290290442036	0.471597107077523	0.515612704076639
Sample.14	0.360941738952897	0.507626751422131	0.398509623929723	0.347708990118934	0.487436598696017	0.365751416137937	0.275655365261233	0.525449191842904	0.616418078696469	0.399557034355673	0.346591298534609	0.458077045273325	0.294520013897129	0	0.477274246474514	0.55715466401309	0.425313583088235	0.152207228413036	0.48915218914247	0.51116493932115	0.403545887824224	0.432596983685943	0.484142073232517	0.47430174193139	0.396113677063473	0.432940005373628	0.378606733618596	0.452103976406335	0.630425162545264	0.306975734323218	0.557608289342322	0.409591575776295	0.459585496893763	0.227573028355347	0.427658621796213	0.550353050612118	0.468891180911386	0.407503076720359	0.390537937147805	0.298236568014819	0.546886279865918	0.372722116303717	0.434793201576578	0.490017520636333	0.589443256350954	0.401626601141282	0.369775825522177	0.481901873977176	0.52473650955388	0.368131249220175	0.531930600431958	0.521543413025224	0.442814420576495	0.40681481322967	0.42674883090137	0.479451282316185	0.295115216132973	0.44220120041608	0.347081111174507	0.447558832533959	0.508346056808256	0.436490054289871	0.468145222902742	0.636207027032092	0.398675420284071	0.46176033250108	0.753794919365442	0.491721380269261	0.719654993700484	0.495055118559534	0.361222622785698	0.435781778851243	0.297813449561225	0.417527686086706	0.510092954170695	0.355849927905929	0.552603942116281	0.449258277904686	0.434204984331288	0.447897008322162	0.521649017148974	0.320408496879468	0.428436247983978	0.622220839960112	0.436621166758213	0.687439352240449	0.35796635872405	0.380496959598105	0.551420162569047	0.453159018439675
Sample.15	0.428380900518276	0.547701439909606	0.47544550183134	0.316635788605669	0.322999454105336	0.500452870434273	0.370463178379344	0.36548154438678	0.409278836345476	0.382127002120116	0.303887071710516	0.342936444328628	0.425889051203844	0.477274246474514	0	0.414441681058258	0.392897170467421	0.489265580100358	0.294456217591053	0.600498184839358	0.486689416552431	0.475710677391293	0.500305698378686	0.379296079697731	0.237913928683028	0.552718892038624	0.392615894746083	0.338905575650823	0.462156546074504	0.467727007327987	0.61713086358754	0.412104956896187	0.490181581032471	0.410452492019383	0.539686025421722	0.410033532251541	0.428397716836824	0.463072292282873	0.427456098294267	0.380720495311658	0.327572372380225	0.423012931504539	0.484804257419575	0.391417418128735	0.368059302653182	0.473431025980384	0.375642048796363	0.40577032532184	0.512355954013014	0.449948686575013	0.456837600057706	0.385694231834808	0.503074842449821	0.44891691424744	0.544351304293977	0.316252500054421	0.369680766012833	0.53873880524197	0.382530200969946	0.43152694151585	0.532228095718382	0.303660287280262	0.345054756678901	0.522516148002897	0.470621888278174	0.378555644203079	0.524199163726431	0.310602075117607	0.625661200901687	0.485201748900398	0.482759810127503	0.54495195609829	0.411932525614177	0.424099087378185	0.537891644773922	0.380352315843147	0.561111025197719	0.573456350697367	0.577555419968939	0.387025780385762	0.397070748878635	0.472579879232296	0.48387040711119	0.376328206903425	0.469511045842232	0.478046776678272	0.439025929875942	0.485767627209004	0.395663707988152	0.592521978931687
Sample.16	0.437263294102784	0.584087837702364	0.497602707889388	0.40035542830613	0.301563251917638	0.598754652774483	0.464187070751704	0.30836180267666	0.30157891330977	0.509829065752456	0.510809163558687	0.493569365934825	0.53293661119371	0.55715466401309	0.414441681058258	0	0.556082169768152	0.61365014677918	0.337765848934619	0.603742386562877	0.58127248836761	0.49516642620072	0.561072970530976	0.326075220588039	0.456800181313637	0.64566955165213	0.425894650691082	0.499460907846734	0.39101772445838	0.600082889744269	0.656099704564238	0.48898108467854	0.525661020775637	0.575510421441016	0.655761290219518	0.335349119192541	0.503740590860994	0.517896930439971	0.492814127362957	0.574539974925863	0.319319633582142	0.456583693510661	0.53550010767004	0.548237259964656	0.339316855052228	0.497945938954899	0.409303976200066	0.381689592849307	0.439216960125878	0.516922954559486	0.516472002011539	0.404478454865436	0.545888781376866	0.485428959206307	0.645202925366569	0.553127756931406	0.506681591787646	0.628260806136319	0.428119177705981	0.523122413404251	0.630359451314208	0.418305020616136	0.391995621354841	0.496687873155499	0.496090731232913	0.470392439871957	0.483759958903222	0.441775554404768	0.448522625051852	0.57928632833537	0.604620008834881	0.608136153329829	0.595536463078061	0.452208603727835	0.540005881257468	0.433423462452476	0.640995663939162	0.662148530655706	0.652114631568982	0.399609128398989	0.524823720817132	0.600373048144364	0.523844386223467	0.331020547939427	0.536238851913109	0.39871051424457	0.474387839371217	0.586743570592391	0.423982650859077	0.664640587202533
Sample.17	0.328164825098518	0.457415613732568	0.387072622936612	0.268127252027626	0.419365868163112	0.485176835582098	0.353408243276161	0.522720887177722	0.570610798635047	0.354089325018196	0.347286483999643	0.30351037044906	0.397669947752718	0.425313583088235	0.392897170467421	0.556082169768152	0	0.465928861525399	0.463227541260076	0.526944994439148	0.47477989607291	0.397225133178803	0.411077694908958	0.486726839805728	0.39666652708057	0.448720995296235	0.327509475441592	0.446682810703091	0.621356387912114	0.536245415139869	0.59757767180887	0.356385349717251	0.437923289210922	0.411111517235174	0.421091208636644	0.511514582547794	0.42801060001409	0.387800092703687	0.400927705065894	0.330950036753421	0.482154026398976	0.309629655543919	0.377979511672418	0.401390566807692	0.526453034221089	0.435616471704598	0.319735299084173	0.468178947636969	0.469184402077132	0.282449641407083	0.481919370946727	0.503900570005082	0.445119179038991	0.401574599248344	0.461056035279619	0.305140772903316	0.321083045203605	0.409524800918068	0.332571809648036	0.410924039442677	0.447079181990156	0.323607574297743	0.437630706653889	0.604966001621186	0.360988128443183	0.459875402673287	0.667791446291956	0.443360679322851	0.746196238197864	0.429269110381812	0.483066819500256	0.413051392985093	0.380638613913926	0.375648285973629	0.49573821119065	0.422068912798081	0.529633983752673	0.461974877418993	0.442004436005945	0.384507144156211	0.457884928041326	0.391853980883941	0.380569083687333	0.562699501425207	0.36343806786326	0.653792816927249	0.334041622579884	0.407256308036278	0.50540742485568	0.483013490779914
Sample.18	0.359423424916434	0.533170726207644	0.405042350579528	0.400280221486385	0.492336075312335	0.357165174447699	0.297134815522889	0.539189882536039	0.615832797327055	0.409532626860405	0.369134799269583	0.481668136883607	0.31465474918191	0.152207228413036	0.489265580100358	0.61365014677918	0.465928861525399	0	0.476650232409486	0.511820825986608	0.414590059377134	0.44211186261857	0.509440636906057	0.467926927538964	0.418311009422719	0.423694404206376	0.403374009547476	0.436896551753691	0.628132575784126	0.312552489539274	0.531387743012544	0.419024501162511	0.490888770259523	0.22577566392409	0.417325282062954	0.604723095524476	0.486824518765747	0.404550191754504	0.428312737290188	0.329608701895349	0.553060287231909	0.41208662349583	0.461574307464839	0.525818815803685	0.573808499641974	0.400836223771209	0.378727285912636	0.508511595196606	0.575723999907884	0.40339358078308	0.530595206960913	0.554854030807182	0.448884412117236	0.398859937038604	0.416566276624569	0.504031542314618	0.288865491603844	0.442305696820955	0.376329070324014	0.455875527023329	0.517892089490985	0.462937215148762	0.517323994299852	0.639099169171419	0.431469315715995	0.495253714112062	0.762342693791103	0.495602160007679	0.774473307792272	0.505196159788259	0.358804662488294	0.457009474931987	0.308880483708805	0.451214658003174	0.504139206384059	0.408916263605658	0.528350996225334	0.448015168535114	0.428156129144478	0.466338139836889	0.536212807350652	0.322502996875772	0.45269133795801	0.6238522798126	0.456223464382385	0.686959796386799	0.362302274819793	0.385806997750531	0.538568971238865	0.439217782125365
Sample.19	0.318882179237779	0.501492046710694	0.395703162750002	0.328451126658928	0.223261703957052	0.467375245609442	0.339106138334061	0.260041420914533	0.305898687834099	0.439490934541955	0.41573171761458	0.443309395828447	0.422206470902936	0.48915218914247	0.294456217591053	0.337765848934619	0.463227541260076	0.476650232409486	0	0.494588756899619	0.463826531354684	0.385359166721516	0.499247686405902	0.22818321361258	0.322021101469919	0.560901074279979	0.346726555483603	0.313734661348353	0.33045739352672	0.474987042034721	0.548776279248034	0.364497375778413	0.467231121632736	0.426511125967111	0.600429185086996	0.440830215090801	0.416389565816014	0.419658951793461	0.468217856787849	0.454660882409992	0.223098687259203	0.354836783466799	0.467659889262519	0.437351121288802	0.261382107989297	0.355069192254209	0.263343532164112	0.257228555380914	0.47348827783258	0.423082473866912	0.365316821868659	0.309595887404413	0.492126733062684	0.355059190663432	0.559299492619422	0.439263609356425	0.361829380046264	0.524613193140967	0.333315601252691	0.468671245272762	0.513008546004806	0.325949590080869	0.328014653093221	0.377577380452514	0.405919080672565	0.406164721533758	0.480979194358646	0.317397143567004	0.546351257942322	0.396835220581998	0.507910449073318	0.535718430778469	0.50714199116643	0.416980690520369	0.462752529418335	0.389564996770539	0.461595659043604	0.588518176320503	0.574964865698435	0.364328318126341	0.412696389312581	0.494149715558461	0.423483786535506	0.326851391311403	0.460446426789008	0.353509352957461	0.401481836610457	0.486091075655388	0.244362152226876	0.585476718052065
Sample.20	0.382005036767721	0.490271225625014	0.422273040364138	0.416600501672255	0.52015483576866	0.248589821279405	0.399707463436357	0.54658306403514	0.621945737167045	0.488151594588949	0.598982263359681	0.563733827044912	0.408357605619468	0.51116493932115	0.600498184839358	0.603742386562877	0.526944994439148	0.511820825986608	0.494588756899619	0	0.245713840457317	0.187115175148285	0.502537359741447	0.436190520326102	0.615805039679109	0.579364367492756	0.439351995994068	0.522584971340714	0.599608201863549	0.605016132294495	0.538965413280881	0.369672651873682	0.228561395805339	0.516497576359136	0.610349506379123	0.659640890851351	0.540404946095141	0.439809158209239	0.469023244744358	0.503212586217685	0.559352579266049	0.439933395094068	0.573689664952139	0.511873925775847	0.568624891939761	0.357001352648248	0.397327231236923	0.468421409100157	0.601079790539718	0.455237287133981	0.538776742645194	0.605117723952777	0.498679579706719	0.424251317425882	0.571850549363858	0.578863076609697	0.440090071107713	0.558170654459489	0.370466606809355	0.568328934731597	0.572669235699219	0.525111440399275	0.607342714741656	0.552759624203775	0.384882206777318	0.595624395712386	0.767259509375361	0.513402206019716	0.770467335579971	0.326355369812288	0.545416200631253	0.475866127058503	0.577519512671075	0.431864844582035	0.407434098422402	0.570326839088115	0.501113464784159	0.589390226239246	0.580670964300087	0.499369067148917	0.592589027126224	0.532897609542214	0.437726574310193	0.606139312370736	0.535280849355566	0.660167184326755	0.377315857463206	0.515364206372008	0.478052156143629	0.590063121858182
Sample.21	0.346548213121362	0.438184934945831	0.393196574958523	0.345888003635773	0.501521561058485	0.153825761327301	0.290888616712105	0.533847122069192	0.604006862934537	0.406024014055807	0.487534748035739	0.522738579621332	0.305220175122913	0.403545887824224	0.486689416552431	0.58127248836761	0.47477989607291	0.414590059377134	0.463826531354684	0.245713840457317	0	0.210807390657772	0.450483958903691	0.452149816516926	0.501181695295758	0.490368747231367	0.418668398134035	0.456891700344885	0.596048130881323	0.496234286913482	0.507835699052015	0.310609498077025	0.210022013890063	0.410982752316715	0.541773176884137	0.623967759179768	0.459381353449496	0.391251584122588	0.393983190821861	0.389222760030019	0.52867647130858	0.372543793838652	0.521290737471402	0.416997758573034	0.557726550259143	0.342677977294782	0.364693731102232	0.467863586507947	0.557422527020179	0.410601721953182	0.512628858101663	0.517838721542618	0.433077573876828	0.417605058740119	0.515624291356041	0.523952732821128	0.33803144150718	0.471379649455344	0.35217739037922	0.5445172537516	0.547923943304045	0.480452399418124	0.547959589313707	0.562789652318422	0.349578073343028	0.505425514392665	0.754525550447966	0.478686311369977	0.754350415072473	0.314887061102285	0.402622599103957	0.44907387252913	0.474764477618844	0.395387026205296	0.438164586147995	0.464129919399216	0.496078198970773	0.513757287891706	0.543397303057264	0.471107455037244	0.547868657852667	0.408599016064967	0.40383838851493	0.610776409519252	0.488087498046387	0.669103827436177	0.36905013219275	0.447083416228077	0.497602589164266	0.557601228771017
Sample.22	0.284378417870632	0.405053521909799	0.343741733473051	0.305447881775213	0.409917776690294	0.215572665491318	0.310290074071038	0.457686560156287	0.517461100125826	0.402997331106575	0.471887024952438	0.436584432710529	0.332962988032372	0.432596983685943	0.475710677391293	0.49516642620072	0.397225133178803	0.44211186261857	0.385359166721516	0.187115175148285	0.210807390657772	0	0.419802300326459	0.356125709499914	0.505180311314118	0.501694864343254	0.334101746121308	0.418741607797698	0.518755079243247	0.528619253580173	0.476602987086994	0.25477643997736	0.220915119389708	0.408489716189742	0.536246100781871	0.574168969109423	0.45891160319666	0.356699855651318	0.367461089003431	0.38463480309857	0.429549312436002	0.31996427856678	0.473651616412744	0.427436662200161	0.436396320516157	0.283628620307395	0.271258390032304	0.369297563339495	0.497336576811802	0.3441380893545	0.417980048827936	0.504337081124208	0.421292215413261	0.325052109654288	0.496258442082327	0.455377580477851	0.344911869188942	0.479236692221384	0.245598319636916	0.483778527592391	0.446331822163421	0.406986916789639	0.493641766178222	0.472924192360507	0.309316919859735	0.470578627545831	0.63661918974228	0.392364667982785	0.681218379656828	0.221926077507139	0.470805010811271	0.397596289250826	0.468303373783652	0.346093635332317	0.348792219894279	0.478804300506512	0.41462107168135	0.515495581848827	0.50548115098459	0.389058829949548	0.47728336658457	0.451275811273234	0.349618703002816	0.509123950279122	0.433331492182749	0.564955142589398	0.304308251268411	0.440343454198651	0.371323464570934	0.517553128097661
Sample.23	0.382448776216425	0.288060335815659	0.412765162044057	0.346728360521802	0.491068299659006	0.459028546774307	0.389822166962138	0.536201642176404	0.616828562025655	0.373229169044609	0.49035130915424	0.441199870155876	0.411521516334297	0.484142073232517	0.500305698378686	0.561072970530976	0.411077694908958	0.509440636906057	0.499247686405902	0.502537359741447	0.450483958903691	0.419802300326459	0	0.458623969109007	0.498988685417996	0.486140892500879	0.37724432472466	0.527571426851298	0.620230747359283	0.599484930585156	0.580994035661032	0.408326635042388	0.395927670444657	0.498062244201109	0.497423647381064	0.543177783568228	0.455393699711293	0.378620474024766	0.460295792797755	0.47342156780054	0.54988496321278	0.344672061533115	0.454897121742558	0.492704135527095	0.588200752386286	0.424067146987643	0.386470096779064	0.450995084876426	0.527637587453806	0.401940016177421	0.524728922085108	0.412998729143754	0.416055645212729	0.438521746668397	0.477542525278366	0.490407619804285	0.429828458473502	0.49127042292793	0.37807123050681	0.44459412587394	0.557198030652053	0.429548601326005	0.472746798660217	0.467402759264043	0.339989973211433	0.540704209827199	0.689763090669825	0.500078546907928	0.730271552767414	0.498829908310263	0.473551790315756	0.459886058782356	0.464480135124457	0.3526285205348	0.460014844933111	0.436756684734336	0.329208255366704	0.505789725188528	0.497898173408789	0.411340483501097	0.494641293830525	0.446554064817655	0.424327835751575	0.578631056706893	0.49007953678792	0.647584860284293	0.331647715855286	0.46020728482225	0.501025001081282	0.514887838189317
Sample.24	0.30718158470623	0.468793460332044	0.345035761983182	0.336933986568588	0.221657637960574	0.453045795438637	0.333731602491622	0.27588105800317	0.32422043667585	0.438249591352511	0.462127075284369	0.498302763631583	0.409173016671058	0.47430174193139	0.379296079697731	0.326075220588039	0.486726839805728	0.467926927538964	0.22818321361258	0.436190520326102	0.452149816516926	0.356125709499914	0.458623969109007	0	0.387357645581571	0.506941487576352	0.379857356382467	0.444808339862379	0.365439311958011	0.448123901417495	0.502496588744683	0.35516922249984	0.415582747360331	0.47705403434033	0.564280301169571	0.363307983870365	0.37944205425793	0.406020322651835	0.463434825069157	0.496205599297294	0.267426759286467	0.417395704737839	0.455895329139469	0.44685167432142	0.274206872775333	0.348973055447773	0.325124287487023	0.244356806862329	0.485150087356604	0.409769848601332	0.418457627306963	0.350499565433567	0.43457524800646	0.389455626484871	0.523017199260228	0.528971731442152	0.400420910085072	0.474099228982298	0.314417608469267	0.418247791758234	0.520413476399417	0.379618984715931	0.335607837316924	0.339780790631205	0.348935111289518	0.464626719333487	0.453535130239481	0.38597197668532	0.469005898394869	0.457484526927118	0.493517450068024	0.486717570479106	0.535616594861646	0.36566868548764	0.42140775800229	0.437246143442801	0.492779848286229	0.5298811353776	0.509709570189542	0.406026262712302	0.466787594585663	0.471781427232206	0.418708247063199	0.337316545224613	0.450453391821103	0.35790449708958	0.32206778940107	0.445313411974609	0.280639648727593	0.552192777586171
